01110000010000110101000000110100
11101111110011100011000000011100
11110010101101000010110000000101
10000110011001011001001001110111
01100000000011100010001101111111
10110100100001110000111010000111
00010111100111110110011010101110
11100110100010001011100110101010
11101110101101001111001010101011
10010100011000100000010001101010
01010011111010011111001111111111
10000100111001011110111000000001
01001000000000001100110110111000
10011000000000100010001010001011
01011100010001101011101010001111
01001110001001001101011110111111
00001000111000000000011100101110
00010100100110110000000000110010
01001000010111001000000011011101
00010101000110110000011110101111
11001010010110101000001111011011
01010110110000110100000000100110
01110111100100100000110100000011
10001110011001101111101110110110
01110000010101001000100101111000
11101011011110101010001000111111
01010000000001001011101001101100
01010111000010010100111100101001
00101010001111010000101011000001
11010010001101110000001011011000
10010001101010110100100111101111
01001001010100100001110001100010
10111010010100010111001000000000
11001100101111101110000111001101
11000100111001001100010100011011
00111001001000101011000111110101
11001110110000001101111100001101
00100011011101001011001110010011
00111001111011010101011010110100
00100100010000011001100111010010
00101101000011011011100100001100
01110101101110111101000011100001
11100110101111000110100110101111
01011011011011100000110011110011
00111001001111010110110101110011
11000000000011000101101001000110
01110111101111010011000010111010
10111100110101111011000101000000
10010100101111110010011101110001
00010101010101101010101000101010
00000110111111111110100111000111
01010111000110000100101011001001
10110111110010000011011100100111
10011101111101010001101100010011
00101110011110011010000110000001
11100011011011001100100110000101
11111101111110011100001100100011
00000000001010011110000110001010
10011101100010100011111110111101
10010101000011100010001111111000
01110010101010010011011111101010
10011000000110111001111101110010
11100011000100000000011111111001
10011011000111110111001110011011
10111000011000110011100111000000
01111110111010011011111111011000
10101001100100100000010000001101
00100101001001011111010100111001
01110110100100011100011010110010
00100001010111110101011011110100
01010101111001000110010000101000
00000111100101110111111110001001
10100001110010100000000100011010
10111011101010110000110100100111
00010000010010001000110110000101
10110011000001111001010011011101
00100001100010101100011011110110
00111010110110110100110000101000
01010011000010001001011111000001
11000110100110111000011111111100
11000000000000101101001001111010
00000110111010111000101011100000
00101101101001010010010111001100
11001000110111000001100101000011
11000011110111111011100011010111
00101111011000110110110011001100
00111101110000111001100111000101
10001001001001010111010001000010
11010100111110000001110100010101
01011100100110100110111110001101
01111100110010011111010000001010
00110001100010101101111101111110
11110100111001000110111100101101
11001101111011001101101000011101
11111110000111100111100100110111
10000101110011100011110010001001
10110010111111000010100100101110
11111100110100000100101111100100
11000001001011000001100010110100
00001000100100101101001011101100
01101110001011111010110000001100
10110101001100110110011011110000
00111010110000101001011000101111
10000010101101001010110110100001
10110111001001011101100011111100
11100011011011111111000011111000
00010001100001110010110011101001
10101111100001111011000001100010
10011010011001000110011101111101
10111010101001100100111101001000
11111000001010001100011010010110
01011000000010110001010011000111
11001101100000110111010000111100
11110111011111000111100000101011
00110110111010111010100000100000
00111011100000000101110100101101
11100110011101011001100111101100
11011010011010000011111100101101
11000110110010101011011111011111
11101111111011110010010111000101
01011000001111111010100100000010
00101011101010000101000010100111
00100111110000100000111101001011
00101000101110001100100010001000
10011001110110010000000001010101
01001100001000000001101011100000
11111110101000101000000000010101
00001101010101101000011000011011
11101011101111000011110001001010
11010011111011111011011111000111
00101001010011001111100101010000
01011011000111101011000001000010
11111001011011110011001010010100
10101001000111100010011001000000
10100010111000010110100100110000
10111010011101111101001101111010
00011011110010101111001111101100
00110000001011110110000011011011
00111101010011010110010000010100
00010001001110001001110011100010
01010010000011101101110000010010
11010100100111010110101110011111
11101010010111010000111100011010
11110000011000000101010011101001
10000110000011110111001010100110
00001100101101001100001110100001
11101011010010101111101000110011
11101110110001001111100000001101
11010110001111110110111101010111
11011101100111111011101011110000
11011111110001101000101001110010
00110001101010000011001111101100
11000100011100011110100001111000
10110011101011011000010010101100
00100101011000001101111010100001
11111110111001101101011101100001
11100101011100111100100001011111
01001010101001011100001111100111
10100010110110001010011000110011
10001011010101111110111110110110
11001101110110010001111010001111
00100100111000001110011100110100
11011010011010001011011101110110
01110110010000011011001111101110
11111010011011101000001000000000
01010100101011110111101000110010
01100100001000110100111111001000
10101011011010110001001010011110
10111001110001101110100110111000
01100011111101111101000000000001
01000101100110101101001110101111
11001000100010111000010000111100
11001000111000111010110011010111
00101011010011010000110111010111
10000100000011100000100001101111
00011110011010011100011010000100
01000001001010111110011101110011
11100100101100010000110001111001
01011111101001111110100100010101
11000110101001001101010011011011
01100011011101111000100111000110
01110011001111100110010101110110
00111011001010110100001101110010
01010011101100110011110110000001
00000010011011101001001110110100
10011010001001011011100010000100
01111001010111000011001101101101
01100110100110011110111011000111
10111001001110110101001111011001
11110000111110101111110100111100
01111011000100000011101100100010
01011001001010011110010001100110
00100111001010101100000110101011
00110001000011010001001101111110
00101101000010110110001100000001
00110110110100000111010101110100
10100010010111110100000100001000
00111110000001101000111000000001
00001111110000101111100001000110
01111100000100011100100000111111
10101100111101011101101000110110
11110100011000001101000111000010
10101001110100000101100011001100
11010110001000010011010001111001
11001011110101101110001000010011
11000110000111111110000110011101
01110001100001011101101001100110
10111001110100010010010000011010
00000110100100011000101110100100
01101001110000011001001101011011
01001100110101101101001010110111
00100000110110011000110000111001
01101111011110101010001010000000
01100100010110010111000011110100
01110110011011101100001110110010
10000000101011111100111010111101
01110101000010110100111101011111
01010111000111100011000010110101
11101110011111100110101000100001
11101101111100010101100011001011
01010111111111011110110110001000
11001111101101111110011001010011
00010100011111000111001010100110
10010011100001110100101001011000
11111010011100111100111101111101
11001111111110111111111100111100
10010110100011001011110110001011
11001110111100111111100000101011
10011101011101001011101100001101
10001110100101010100100011011110
10101100010100011011011011010000
10010001001100110101000111011110
11110110010111000100001100001111
11000100011110111100001010001001
11000000101101111000110100110001
10111110000111011111011110111010
10010100000111010111011111011101
01010001000110010001000010010110
01101110010110100010011110000100
10110011111010101110111011110010
11011110001111101000010110001110
00011101001011010001100111010011
10110111110101100110100001001000
01001011011001001011101110001000
11111011010110100011101000101000
10001011000101101111111000111101
10000111101001010010111010111111
01001010010101011011011101110110
01000110000100110001011111001101
00111101001000100110100010010010
00011010000010101001010011010100
01111000010000000101101101000101
10101110011100011111001100110010
10000111110001111100110100101000
10100001000000010001100001000011
11011110000011100010100011101010
00110110011010000101111101100001
10111100001100110010011001110011
00111101011101000100000010100011
00110001000010001101010100100100
01101000011001111111101010100101
00110100100010100101001010001011
00100001011011100111100000011000
00011100010001100101100100110000
10001110010101111100000110111010
10110101011111001111001000101011
01001110100010000011111000111001
11111000000101101010010100110110
10101101001101001101111000011110
00101110101110100010110100100001
10001111001110011010111100000000
11001001010100000010110111000011
00000001110000111111011001011011
00001111100101000101010010001110
10101100000000011100111011010001
00110100110001011010001100101101
10101001001000111001000100101010
00110101100000010100111100110000
11110111100001011001100000011110
11101100010001100101010101010010
01111110101111010010101111001000
11100101011101011101000010101011
01011001000001010000100001100011
10000011100001010111101111010010
00111110000110011011100100011011
10000110010110110111001101101100
01111011010001011001011110110001
00000110111100010000110000001011
11011101011011101010010001101111
11000001110000100111000100101101
00010000110010000110011101010101
10001000011011100111001010101111
01010010011010101111011010001100
00010100010101000110000001100100
01000001010100100111110010111011
11001001001011000111111100010001
10000110011001011010010011010000
10110100001110101101111111110100
11100110001011011101110011101010
01100000100010010100100110001101
00101100001100110010110000000001
11101001101110110011001011011011
10001011110010011000100001010010
00100011110110101010000100010101
10100011001011000010111101111100
10110001010100011000010001100000
00000011001111101010011111001011
10011100001100000110100011111001
11111111011100111101101001110111
10100111100000110111101101100101
01100101101110011010110001111010
10001001010011110110111100100000
10000110001110100100111101000101
10110000110101101110001110101111
10111110010100000101010100101100
01001010000110010001111010011000
00110101111111000111010010101110
01001111100110001111011000100000
10011010000110101110011111000010
10000001001010001100110000000000
11110101110100110010000100111000
01000101100111100010111001111100
10101010000010000010011001011111
10110110011000001101011000011001
10100110000011000111001000010101
11111100110100010110101001010101
11111101111100011101000010110101
10111010010011010111000110010111
10011101000000100101000111100011
10001000100001010101100101000000
01110010000111011011110000011000
10011101000011010001111111011101
11100011101011001000100100010101
10110001110101110010000100101101
10001010011111100100001001110010
11111100011011110000000010001100
11000100111001101111001001100110
10000000001101000010000111001100
00101000111110111010010001100101
11000110100100100111001010111111
01010110001000101110011100101000
01111110110101001001111011111010
01111111001110110001110101010101
10101001000010010011010101110110
01100001110001110111100000010100
00010001101001101001000010111000
10001100101001110001110001100001
00100000010001111111000110011010
10011111010011010010110111110110
11100110010100000010000111011011
01001011100011100001101000111010
11101011111100111100011110000011
10110001101011111011001001100110
10100100101110100101111011011111
11011000110000101111101001100110
10000010010000000101110111100011
00000100010101000001000111000100
11000010101101111010101100110110
10001110110011100100000001110011
11011001100011000011111010010010
11000101100110101000110010010110
10110001100101111001101100101110
01101111111001001010101111110000
01111110111100010110000110010101
00110000101011010010111011001011
00001110011111010100101110101110
11010110100001111001000000100110
11001010011011010100101111000110
11100011000110010101110100111001
00010101010000101100000001011101
11110100011101110001010110101000
01100110001110010101010010010000
10000010000101010110111011010011
10000011100001001011000101100100
10100110101011111111100110011001
11101101110010000000110001111100
01101111111110011100111001100010
10011111000111100101001001111101
01000111100000011000100100101100
01100000001010100000011111000110
10010111001010101010100100100110
01010111111001101000010001000111
11110110001100010101100000101111
00011011011011100110101100000110
11000111111100000001010101011011
00000100010010111000011001010110
10100000011101010101000001011111
10000101001011011111111100000101
01110010001000001010111101001000
01011011111001001101111110010111
10010111000111001111010010000000
11111111011000010000110000101101
01010111100100001101100110011110
00111001001100001011100100010110
10110000111001010100010001000010
00100000110100110011111000111100
11010001100011110010000100100000
01111100011100001110000001100100
01111011110101000111110110010001
11101011000110001011101100011000
01011011011100001111000011111011
11001101011001111100100111111000
11111111001100011111101001110100
00101011010100101110010001100000
11000011011000101011010001111111
10111010010010000101101011110100
01100011001000110011000101101110
00110100000000000101010011110000
11011101001101011101001000010101
01001011011010010001000100111001
11110101001011000111100110000001
10011000010101101100001110100011
01110110000000001110110000111111
11110110000000101010110110000101
01000111000011100010010000100010
11010011111101111000111110110100
01101100101001010110000101011011
01011010100110100000010111101101
01010111101100011110010001100110
10110010001010011010100011101010
01001000000011100111000111010011
11101101011111011110000110111011
10101000011111111011110011100101
10010111000101011110101110000111
11110111111100111001100010010010
11111001110111101010111000111011
01011010000010000101100111011110
00111101110111010000111111101110
00111001110101110101011010010001
01001100110100101111010110000011
01010110011011011000011111010111
01100010111100000010011001010110
00000100110000111001000100000110
11110101001001011001000110000000
01011001101011101111010011010000
11000011101100000110100011111010
01100111001001010101001001011010
01010010111000110111100010101001
11101000000000111010100010010110
10110101000001000000010010101111
10001101111101101110111001001110
10001111001011111101010010001001
00011001011011010100010001111011
10111100101000100010110111111001
11000011011101001101011111100000
00100001000010110100011100111101
01110000001011001010100010100101
10100010101001111110001001111001
00011101110000100101100110111000
01000100000001011001100011101101
00001111110111011010011011010111
01000101000111111101100111111101
11011110010110011100110111111011
01101111110110100110110111101101
10011101111010111000000001010101
01000001010000010011000000110100
00100111110010001001000110000101
10010100010010000010011111010011
10110001111110001011010100011110
11001011111101110010100100011000
00001000010111001011001111100001
11000001000001011011111011110011
11011111111101110010001101111010
00110010001100001011010011010111
11100001001111011101111011001110
00011010000110010001011001100000
11011100000010101010110011110100
01010110010011001010100111001111
10010010010110000101101000000000
11001000100010100011011010011001
10001000111001001010101101011001
00001010000111010101101101111111
10100111101100101000111100100101
10110101010100100000100111011111
01100010100011100001111010011101
11001100001101000110101001100111
01010100101111101001000111100100
11110101101000100011111001001000
10000000001000001100100010100100
11111011010100111100001111101011
01100101000101000011000110111000
00011101000000000010111111010111
01011000001001101001101010111001
00100010110001110100110010010001
11011011100000000111101100101001
01100111100101000001110101110100
10011110100000010110100111010011
00110110110111100000110110000000
01011010011100101010011110101111
10111110111001110000111110101001
00101110010110011010101111001011
01100011010000111110111101001101
11010011001000000110100101001000
10010101001110110010111010010100
10010110110010110101101011011101
01001101001010011010101111101000
10011101000011001110101100100101
01001110111001011100111101110011
11110001110000110010001001111111
01011100111101010001111010110000
10010110111010111110001001101111
01101001000101010111111011111011
11001111110100100111100110000000
11110001110000110010000110011111
11001111011000000100100110110011
10101011001101101100010111111000
11110111100110100111111001110110
01110011010000110101010110010000
10001111111010001000110111101001
10010011000001000000101110110110
00101011010110001111100111010011
10110001100010101000110101111000
00000000000000000000000000000000
00000000000000000000000000000000
00000000000000000000000000000000
00000000000000000000000000000000
00000000000000000000000000000000
00000000000000000000000000000000
00000000000000000000000000000000
00000000000000000000000000000000
00000000000000000000000000000000
00000000000000000000000000000000
00000000000000000000000000000000
00000000000000000000000000000000
00000000000000000000000000000000
00000000000000000000000000000000
00000000000000000000000000000000
00000000000000000000000000000000
00000000000000000000000000000000
00000000000000000000000000000000
00000000000000000000000000000000
00000000000000000000000000000000
00000000000000000000000000000000
00000000000000000000000000000000
00000000000000000000000000000000
00000000000000000000000000000000
00000000000000000000000000000000
00000000000000000000000000000000
00000000000000000000000000000000
00000000000000000000000000000000
00000000000000000000000000000000
00000000000000000000000000000000
00000000000000000000000000000000
00000000000000000000000000000000
00000000000000000000000000000000
00000000000000000000000000000000
00000000000000000000000000000000
00000000000000000000000000000000
00000000000000000000000000000000
00000000000000000000000000000000
00000000000000000000000000000000
00000000000000000000000000000000
00000000000000000000000000000000
00000000000000000000000000000000
00000000000000000000000000000000
00000000000000000000000000000000
00000000000000000000000000000000
00000000000000000000000000000000
00000000000000000000000000000000
00000000000000000000000000000000
00000000000000000000000000000000
00000000000000000000000000000000
00000000000000000000000000000000
00000000000000000000000000000000
00000000000000000000000000000000
00000000000000000000000000000000
00000000000000000000000000000000
00000000000000000000000000000000
00000000000000000000000000000000
00000000000000000000000000000000
00000000000000000000000000000000
00000000000000000000000000000000
00000000000000000000000000000000
00000000000000000000000000000000
00000000000000000000000000000000
00000000000000000000000000000000
00000000000000000000000000000000
00000000000000000000000000000000
00000000000000000000000000000000
00000000000000000000000000000000
00000000000000000000000000000000
00000000000000000000000000000000
00000000000000000000000000000000
00000000000000000000000000000000
00000000000000000000000000000000
00000000000000000000000000000000
00000000000000000000000000000000
00000000000000000000000000000000
00000000000000000000000000000000
00000000000000000000000000000000
00000000000000000000000000000000
00000000000000000000000000000000
00000000000000000000000000000000
00000000000000000000000000000000
00000000000000000000000000000000
00000000000000000000000000000000
00000000000000000000000000000000
00000000000000000000000000000000
00000000000000000000000000000000
00000000000000000000000000000000
00000000000000000000000000000000
00000000000000000000000000000000
00000000000000000000000000000000
00000000000000000000000000000000
00000000000000000000000000000000
00000000000000000000000000000000
00000000000000000000000000000000
00000000000000000000000000000000
00000000000000000000000000000000
00000000000000000000000000000000
00000000000000000000000000000000
00000000000000000000000000000000
00000000000000000000000000000000
00000000000000000000000000000000
00000000000000000000000000000000
00000000000000000000000000000000
00000000000000000000000000000000
00000000000000000000000000000000
00000000000000000000000000000000
00000000000000000000000000000000
00000000000000000000000000000000
00000000000000000000000000000000
00000000000000000000000000000000
00000000000000000000000000000000
00000000000000000000000000000000
00000000000000000000000000000000
00000000000000000000000000000000
00000000000000000000000000000000
00000000000000000000000000000000
00000000000000000000000000000000
00000000000000000000000000000000
00000000000000000000000000000000
00000000000000000000000000000000
00000000000000000000000000000000
00000000000000000000000000000000
00000000000000000000000000000000
00000000000000000000000000000000
00000000000000000000000000000000
00000000000000000000000000000000
00000000000000000000000000000000
00000000000000000000000000000000
00000000000000000000000000000000
00000000000000000000000000000000
00000000000000000000000000000000
00000000000000000000000000000000
00000000000000000000000000000000
00000000000000000000000000000000
00000000000000000000000000000000
00000000000000000000000000000000
00000000000000000000000000000000
00000000000000000000000000000000
00000000000000000000000000000000
00000000000000000000000000000000
00000000000000000000000000000000
00000000000000000000000000000000
00000000000000000000000000000000
00000000000000000000000000000000
00000000000000000000000000000000
00000000000000000000000000000000
00000000000000000000000000000000
00000000000000000000000000000000
00000000000000000000000000000000
00000000000000000000000000000000
00000000000000000000000000000000
00000000000000000000000000000000
00000000000000000000000000000000
00000000000000000000000000000000
00000000000000000000000000000000
00000000000000000000000000000000
00000000000000000000000000000000
00000000000000000000000000000000
00000000000000000000000000000000
00000000000000000000000000000000
00000000000000000000000000000000
00000000000000000000000000000000
00000000000000000000000000000000
00000000000000000000000000000000
00000000000000000000000000000000
00000000000000000000000000000000
00000000000000000000000000000000
00000000000000000000000000000000
00000000000000000000000000000000
00000000000000000000000000000000
00000000000000000000000000000000
00000000000000000000000000000000
00000000000000000000000000000000
00000000000000000000000000000000
00000000000000000000000000000000
00000000000000000000000000000000
00000000000000000000000000000000
00000000000000000000000000000000
00000000000000000000000000000000
00000000000000000000000000000000
00000000000000000000000000000000
00000000000000000000000000000000
00000000000000000000000000000000
00000000000000000000000000000000
00000000000000000000000000000000
00000000000000000000000000000000
00000000000000000000000000000000
00000000000000000000000000000000
00000000000000000000000000000000
00000000000000000000000000000000
00000000000000000000000000000000
00000000000000000000000000000000
00000000000000000000000000000000
00000000000000000000000000000000
00000000000000000000000000000000
00000000000000000000000000000000
00000000000000000000000000000000
00000000000000000000000000000000
00000000000000000000000000000000
00000000000000000000000000000000
00000000000000000000000000000000
00000000000000000000000000000000
00000000000000000000000000000000
00000000000000000000000000000000
00000000000000000000000000000000
00000000000000000000000000000000
00000000000000000000000000000000
00000000000000000000000000000000
00000000000000000000000000000000
00000000000000000000000000000000
00000000000000000000000000000000
00000000000000000000000000000000
00000000000000000000000000000000
00000000000000000000000000000000
00000000000000000000000000000000
00000000000000000000000000000000
00000000000000000000000000000000
00000000000000000000000000000000
00000000000000000000000000000000
00000000000000000000000000000000
00000000000000000000000000000000
00000000000000000000000000000000
00000000000000000000000000000000
00000000000000000000000000000000
00000000000000000000000000000000
00000000000000000000000000000000
00000000000000000000000000000000
00000000000000000000000000000000
00000000000000000000000000000000
00000000000000000000000000000000
00000000000000000000000000000000
00000000000000000000000000000000
00000000000000000000000000000000
00000000000000000000000000000000
00000000000000000000000000000000
00000000000000000000000000000000
00000000000000000000000000000000
00000000000000000000000000000000
00000000000000000000000000000000
00000000000000000000000000000000
00000000000000000000000000000000
00000000000000000000000000000000
00000000000000000000000000000000
00000000000000000000000000000000
00000000000000000000000000000000
00000000000000000000000000000000
00000000000000000000000000000000
00000000000000000000000000000000
00000000000000000000000000000000
00000000000000000000000000000000
00000000000000000000000000000000
00000000000000000000000000000000
00000000000000000000000000000000
00000000000000000000000000000000
00000000000000000000000000000000
00000000000000000000000000000000
00000000000000000000000000000000
00000000000000000000000000000000
00000000000000000000000000000000
00000000000000000000000000000000
00000000000000000000000000000000
00000000000000000000000000000000
00000000000000000000000000000000
00000000000000000000000000000000
00000000000000000000000000000000
00000000000000000000000000000000
00000000000000000000000000000000
00000000000000000000000000000000
00000000000000000000000000000000
00000000000000000000000000000000
00000000000000000000000000000000
00000000000000000000000000000000
00000000000000000000000000000000
00000000000000000000000000000000
00000000000000000000000000000000
00000000000000000000000000000000
00000000000000000000000000000000
00000000000000000000000000000000
00000000000000000000000000000000
00000000000000000000000000000000
00000000000000000000000000000000
00000000000000000000000000000000
00000000000000000000000000000000
00000000000000000000000000000000
00000000000000000000000000000000
00000000000000000000000000000000
00000000000000000000000000000000
00000000000000000000000000000000
00000000000000000000000000000000
00000000000000000000000000000000
00000000000000000000000000000000
00000000000000000000000000000000
00000000000000000000000000000000
00000000000000000000000000000000
00000000000000000000000000000000
00000000000000000000000000000000
00000000000000000000000000000000
00000000000000000000000000000000
00000000000000000000000000000000
00000000000000000000000000000000
00000000000000000000000000000000
00000000000000000000000000000000
00000000000000000000000000000000
00000000000000000000000000000000
00000000000000000000000000000000
00000000000000000000000000000000
00000000000000000000000000000000
00000000000000000000000000000000
00000000000000000000000000000000
00000000000000000000000000000000
00000000000000000000000000000000
00000000000000000000000000000000
00000000000000000000000000000000
00000000000000000000000000000000
00000000000000000000000000000000
00000000000000000000000000000000
00000000000000000000000000000000
00000000000000000000000000000000
00000000000000000000000000000000
00000000000000000000000000000000
00000000000000000000000000000000
00000000000000000000000000000000
00000000000000000000000000000000
00000000000000000000000000000000
00000000000000000000000000000000
00000000000000000000000000000000
00000000000000000000000000000000
00000000000000000000000000000000
00000000000000000000000000000000
00000000000000000000000000000000
00000000000000000000000000000000
00000000000000000000000000000000
00000000000000000000000000000000
00000000000000000000000000000000
00000000000000000000000000000000
00000000000000000000000000000000
00000000000000000000000000000000
00000000000000000000000000000000
00000000000000000000000000000000
00000000000000000000000000000000
00000000000000000000000000000000
00000000000000000000000000000000
00000000000000000000000000000000
00000000000000000000000000000000
00000000000000000000000000000000
00000000000000000000000000000000
00000000000000000000000000000000
00000000000000000000000000000000
00000000000000000000000000000000
00000000000000000000000000000000
00000000000000000000000000000000
00000000000000000000000000000000
00000000000000000000000000000000
00000000000000000000000000000000
00000000000000000000000000000000
00000000000000000000000000000000
00000000000000000000000000000000
00000000000000000000000000000000
00000000000000000000000000000000
00000000000000000000000000000000
00000000000000000000000000000000
00000000000000000000000000000000
00000000000000000000000000000000
00000000000000000000000000000000
00000000000000000000000000000000
00000000000000000000000000000000
00000000000000000000000000000000
00000000000000000000000000000000
00000000000000000000000000000000
00000000000000000000000000000000
00000000000000000000000000000000
00000000000000000000000000000000
00000000000000000000000000000000
00000000000000000000000000000000
00000000000000000000000000000000
00000000000000000000000000000000
00000000000000000000000000000000
00000000000000000000000000000000
00000000000000000000000000000000
00000000000000000000000000000000
00000000000000000000000000000000
00000000000000000000000000000000
00000000000000000000000000000000
00000000000000000000000000000000
00000000000000000000000000000000
00000000000000000000000000000000
00000000000000000000000000000000
00000000000000000000000000000000
00000000000000000000000000000000
00000000000000000000000000000000
00000000000000000000000000000000
00000000000000000000000000000000
00000000000000000000000000000000
00000000000000000000000000000000
00000000000000000000000000000000
00000000000000000000000000000000
00000000000000000000000000000000
00000000000000000000000000000000
00000000000000000000000000000000
00000000000000000000000000000000
00000000000000000000000000000000
00000000000000000000000000000000
00000000000000000000000000000000
00000000000000000000000000000000
00000000000000000000000000000000
00000000000000000000000000000000
00000000000000000000000000000000
00000000000000000000000000000000
00000000000000000000000000000000
00000000000000000000000000000000
00000000000000000000000000000000
00000000000000000000000000000000
00000000000000000000000000000000
00000000000000000000000000000000
00000000000000000000000000000000
00000000000000000000000000000000
00000000000000000000000000000000
00000000000000000000000000000000
00000000000000000000000000000000
00000000000000000000000000000000
00000000000000000000000000000000
00000000000000000000000000000000
00000000000000000000000000000000
00000000000000000000000000000000
00000000000000000000000000000000
00000000000000000000000000000000
00000000000000000000000000000000
00000000000000000000000000000000
00000000000000000000000000000000
00000000000000000000000000000000
00000000000000000000000000000000
00000000000000000000000000000000
00000000000000000000000000000000
00000000000000000000000000000000
00000000000000000000000000000000
00000000000000000000000000000000
00000000000000000000000000000000
00000000000000000000000000000000
00000000000000000000000000000000
00000000000000000000000000000000
00000000000000000000000000000000
00000000000000000000000000000000
00000000000000000000000000000000
00000000000000000000000000000000
00000000000000000000000000000000
00000000000000000000000000000000
00000000000000000000000000000000
00000000000000000000000000000000
00000000000000000000000000000000
00000000000000000000000000000000
00000000000000000000000000000000
00000000000000000000000000000000
00000000000000000000000000000000
00000000000000000000000000000000
00000000000000000000000000000000
00000000000000000000000000000000
00000000000000000000000000000000
00000000000000000000000000000000
00000000000000000000000000000000
00000000000000000000000000000000
00000000000000000000000000000000
00000000000000000000000000000000
00000000000000000000000000000000
00000000000000000000000000000000
00000000000000000000000000000000
00000000000000000000000000000000
00000000000000000000000000000000
00000000000000000000000000000000
00000000000000000000000000000000
00000000000000000000000000000000
00000000000000000000000000000000
00000000000000000000000000000000
00000000000000000000000000000000
00000000000000000000000000000000
00000000000000000000000000000000
00000000000000000000000000000000
00000000000000000000000000000000
00000000000000000000000000000000
00000000000000000000000000000000
00000000000000000000000000000000
00000000000000000000000000000000
00000000000000000000000000000000
00000000000000000000000000000000
00000000000000000000000000000000
00000000000000000000000000000000
00000000000000000000000000000000
00000000000000000000000000000000
00000000000000000000000000000000
00000000000000000000000000000000
00000000000000000000000000000000
00000000000000000000000000000000
00000000000000000000000000000000
00000000000000000000000000000000
00000000000000000000000000000000
00000000000000000000000000000000
00000000000000000000000000000000
00000000000000000000000000000000
00000000000000000000000000000000
00000000000000000000000000000000
00000000000000000000000000000000
00000000000000000000000000000000
00000000000000000000000000000000
00000000000000000000000000000000
00000000000000000000000000000000
00000000000000000000000000000000
00000000000000000000000000000000
00000000000000000000000000000000
00000000000000000000000000000000
00000000000000000000000000000000
00000000000000000000000000000000
00000000000000000000000000000000
