// 0x00000000
00101001011101010111001101100100
10011110010100011011100010011011
11000010011100111110010110101001
11010010011011111110011010000101
00110000111101101110101100010100
10011100101001110001001110011001
01101001011100000001011110000010
11110001101010101111010100111000
11111100101001111101011011110101
11100101110101001010111111100111
01110001010010111100001000101001
10000011110011000011010100100100
10001010100110011110101101001110
10011110010111001111011000010101
00011101111011110101001001000010
11100011100111111100110011011101
// 0x00000010
10110000011101110100101000101001
01110011000110110110000100110011
10010001001000011011101100000111
01110111010101011001111000110101
01110110111001010100110001010101
11110001100111110111010010100100
11010011111000101100010101000110
00110100011010111001100010011101
00100010111110011000010111000101
10101001001111011101100001101000
11101101101111000011100010010010
01101010010011100101100100100111
01011100011111101001101101101011
00111011101010111011001010111010
00101110010100010101110110111011
00000110011100111010111001110101
// 0x00000020
11101111111110100000010000010001
00000011101000010101000001110000
11101000111000010101000110010110
10110000111011101000011000111001
00000001001000011000111110001010
01100000110011100110010100011001
10111010010010111011011001010001
01010010001101110010001010010000
00001010011100100010000010011111
00101001111001110011001000010101
00111111101101111000111100001000
10011101111011010011111011101010
01101111011111100011000001111011
01001101110000010110001100100111
11000011010010000101001000011111
00001100101000100011110010001000
// 0x00000030
11000000010100010000100101111011
11100001000101000010101000110000
10111110100011001001110110101101
00001011101100111000010010110000
00111010101001111100000011000100
01101111101100100100010000010000
00011010111011110110101011111100
11000101010010001110010101011000
01000111111101011110010011100011
10011011100110110101110111001110
00110011110100110101001010100001
11000111101001100000110000000110
10110101100101011110101010111101
01001110010000100101011100001011
00011110100001001110011010111100
11010100111000101111101011001111
// 0x00000040
10001111101101111000110110100000
01011001110010111000101111010000
00001010101110001111001101000000
00110000110011101001111010010110
11011000110111010010111101110100
01001111101001010110111011011111
10011101011111011011101010100100
10110000100111111001100111110100
01001111110111001010011000101110
11110011000001111011110100001010
10110110100100010000011001000110
01111010000101101010101100110101
00000010100011000111001100101010
10000101011110000111110111010001
00001100101101011000110110111110
11111001010111101010110011110011
// 0x00000050
01001101010001111011111010100001
01110101101101010000000011000100
00100100110001011000011000001110
11001111110110010010011110000011
01011100111101000011001111001111
01010010110011101101001101000011
00010000010011101100001000101100
11001001011110100010010010001110
10010111101111101111011011101000
00101001010011111111111001001110
10010011110000110011101010010011
01101011000000001100101110111110
00010011101110000011001110111110
11011001011011001001110111101001
01010000101101000011000111010000
01110100110110101110011100100100
// 0x00000060
01010010101100111011101111010111
11001000010010000000000110110100
10110000110010010111010011010101
01000011100110110010110011000001
10110000000011110101011010110101
10011010000001001100000110100010
01001101100110110101100101011001
10010010100110000000111101000111
00101010010100101011010101010001
11001000100011010000001001110011
10110101010011000000100010111111
00110011110100011011110000010010
01100111000101011010010000111011
11100100011001110110111011111001
11110000001000010001010111000111
10110100001000111110010001111001
// 0x00000070
01011101001001001111100111010001
10101100110011011111101111110101
00000101101000011001111010001110
11100010101110011011011110101110
11001111100111001001101010011011
00001011110010110010001101010100
01110001100011000100100111011110
01011001110110101101100000100000
11101110100101100011101110111101
01110000001101111100111110001001
00110111010011100110100000000111
00000101010011101010001110101110
10010011000111000111100111110111
01111111001111000011101100000000
11110010100011000100110000000110
11010101111101100100110110000011
// 0x00000080
11010001100110011010010101111011
00111100111011001000010110001101
00011001000000010011111111000111
00110110000111110011000110101000
11100001100010100101011010111111
10000001000001100101111101110000
01110100110101101110011001010100
11000111101010100111000101011000
10011010000010100001011011100000
00110110110101110000101111010010
01010100110110101110010010100001
00001111100101101110110110000010
01001000000110101000111010010011
00100001001111111100001011100010
00111111000101000101000101000111
11011001100110001001111011011110
// 0x00000090
00111110001100101010111000011101
10000010110000001010100101100011
10111010011010000100110010011110
01001110100000110111111011011010
01010001101101001001100010011101
00010101111010010101001100001100
10110000000110111010011110001110
10101001110000001010001111010010
11110001100011101001000101000110
00111101001011011110000000010011
11010000100001110010011100100010
01011100111110101100111001011001
01000000101100011110110100101110
11110100111011101010010011101111
10010000110111000110000111011110
10010010010001111111101110111100
// 0x000000a0
01100111111101100010011111001100
00011001101100010011000111111111
00000101101111101000111011010110
11001011100001110000010110000001
00111100000010110000110111110000
11101111010011111001110010100101
01111010101110011110010100000110
10111001110101101110111001101111
01101011100011011101001101101001
11011110011001000000110001110011
00101001101110011111011000101001
11111100101001100001100000111111
10000010011000100101101011101101
10001001101011110010011101000100
11101000011101010011010100111000
01111101111110101110001011010100
// 0x000000b0
11111011101001001001011110101111
00110010001101100011010000111010
11011111011001001000101001110110
10001101010001001010100111011001
00110000110010110010010010111101
10011110000100011111100010101011
00001100011001010000010101110001
01101010000111100100110000101001
11100000000111011011000110111010
01000111010111101110110101110111
11001010110010101100111100000101
11101101000010101100001001110110
01011010011101011101101101100101
01101100101111010110100001101110
10000100001001011010010101010001
01110111100000000100110011111011
// 0x000000c0
00010001110011010100110001110000
00100110000001000001110001110001
01011011001001011010011011010000
11011101110001000101110110111111
10111010100100000010000101100101
11101110010111001011010000001110
00110001100110010001100101010010
11001100000001000101110101111101
11110100001010111101101100000011
01010101110011011110101111100011
10111110001101110111111001000000
10001111111010010010110101010011
00000100110001101101010110111101
00110110110001001100011110111101
11000101000000110001000111100011
10101011110000001111101001011111
// 0x000000d0
01110010011001100011101110101111
10000111111101001001000100110001
11100101111101110001001010010101
10001010110010001101001000111110
11011101101000111101101111011000
10000010001101001000000100011010
01000101001110100000000001101111
00000111001100111001010111010111
11011011001000011100100001010000
00000010000010101101001111001111
10110101100111000111101111101100
00011000110110100011110001011011
00110101000011100000100000010001
11010010000000101001111010100011
10011000001001001110110100011010
01011110100011100000011111100000
// 0x000000e0
01000110010111100101001101001001
11010000101000101100011110100111
01010011110000100000111001001100
00010001110001110010000010010010
11010111010111001101000001000010
11100001011000100010101110010101
10100000100111111000000010101100
11011101000001100110011011101011
00000000000011011111001110010000
11000000000000010100010100001000
00101001110000110001101001010010
11100011100010000100000000101000
10000011110111000111101001110111
10101100111001001000110001001000
00100000001100101100101011101101
11111011011000100011100110011011
// 0x000000f0
01011000010001111011010000000011
11100011000110110100110000011011
01101000100001110011010110101011
00111010001001101101000110110010
00111111010101100010101000100011
01011100010110000011001110011101
11000011010001100101111000110001
00000110110001011001101101110011
00011000111110010011100110000000
00010010111001000010110111000111
01101101100011011110111101000111
10110110101110111111111001101111
00011101011110011100110000100100
10100110110000111011101000001010
00100101111001111110100101111010
00001100111010110111001011111101
// 0x00000100
11101111100000001010000000101000
00101111010100010011101011111111
01000010000001000011001000000011
11010001111000010101101001100111
00010111100101010001101111011111
00100100111101100110110000010111
11101110010000011011101101010110
01101010110001011000010001001100
01011111000000110100111100111110
01011010101001101011010111101100
10111010110111100010011110110011
10000001100000111110001111111111
01111101010001100001010111110111
01110111000000101111101010011111
10111101010111110010011111101011
10100100011000111110100001001101
// 0x00000110
11101100000110110011011001110000
01111010000000000001101000000010
01111010000110110110110101001111
00000010110001001101110001011111
00000101000110000111010110001100
00000011111100111001111111111011
00101100101000011111000000001001
11010110111010001110110010101000
11010110110000111001100100011101
10001101101010011000010110011100
10000101011100100010011001111010
01110011001011111101110110010011
00000100011111001110000010000111
00011011111110111001101011111110
01100010100110111100101101000010
00101110101011101001110101110001
// 0x00000120
10010111101001011100100011111000
00001101001111110011111111010111
10111000001100011011000011010101
10001000111010100010111111000100
01010001110101011000010101111011
01111110011001110001100111010010
00100011110110011110010011110101
00001010101001110001011111101111
01001001100010100100100010110100
01100110110111000110010111010011
01111111000111110110010000110001
11111010100010010100110010100001
10100010110110101110010110100010
10010011001111011100111110110100
11110100011000110110011001000001
00100000011101010000111110111101
// 0x00000130
00010111100101011100101000001011
00000110011111001000011110001101
00001111101001110011001001011011
11111100101101100010110001100001
00001011000001101000010010111000
00000110101111111000100001001010
01000010010110010101100010010000
01001001000100001110101001010100
10011101111100000101101111011010
00011001110101111101010001101000
00110000010111010100111110010010
10010010100110110111000110100001
10011001000111101010001110001111
10111111110001001100100000010101
11100110110010101111101001100111
01101010101011010101111000111110
// 0x00000140
01110101111101110100111111000000
00011110000000011000000100001111
00111101000001001001110111101100
11000100010101101101111100000010
11010000010010110001110101010001
11001111100010110001000100110000
00100111010101000011101011100110
01110101011101011000011100111000
11011110111000110110100101010101
00000001001100011001111110010111
10010100011011110010010000010100
10101110001101110000000110010001
00101101001111001101010110111000
10000010000010111010100011011110
11000011011110101110100101010110
10001111100100010001100000101100
// 0x00000150
01010001111010001100010111110100
11101111000100101011001001110101
00111101101010110011011000100001
00100100111100000101111100101000
10100011011111110100110110100000
01111110100111010100001001010001
11110011100110011100000010101000
01010001010011100000011000110100
00011110001101000101010101000100
10111010010111011111111101010000
10100011110010001111011110011000
00001000010110110011010001011100
00001111111100001000111000110011
10110010111010000100111101100010
11110000000101011010111011010010
01100101011000011011001001000010
// 0x00000160
11011011001101011001100010111000
01100010000101011001010111000001
01000111001010000110010110100110
00010011000100110110000111110111
01100001100110010010001011001101
00001001001000000101110010111001
10101000101110110001010010011001
10010001100011110100010111000101
01111001111101110000111001111001
11110101010001001111010101100011
10110000100010111110010001100001
10000000111110100000100001100000
00101101101111001000111100101001
01011101101001111001111000010111
11110011011110101001000110100110
00011111111010011001011110101110
// 0x00000170
01010111110001100011011101010010
11100110011101001010100111001011
10001011001110010011000010010100
11101100001110000111100011110110
11100000111000100010101101111111
11010001010111001000101100111110
10101001101000111010111001110101
01010010011110000111001111011010
11101001110011100010101000000100
11011000110011100010010111011000
10000111000011100010000111111100
11001010110101110001101110111110
10011110110001011100110001101111
00100111111100100100101000000010
01000001011001101100000111111110
01001011011001010001010100100111
// 0x00000180
00111010100111110000111001101111
01011101110111000011000001010110
11011100111011000100110000111110
11110001100100100110110111111111
10111010010010011001100000100111
01100011110111111000001011000110
11001000110101100110011110001010
00100100110111110101011010101111
10100100000000001100011001101101
00011000110010101101010100001101
11000100110101101111111101110010
01011101101111010111110100111011
10100101010111000001011011110010
00000001010110001010011001011111
10101000010000011111001111010101
10101011110000010100001011111100
// 0x00000190
11000011010101011111010011010100
10010110111011101010011100110101
01100000101101101011000110000010
01001000111011110001100100000010
00100100101011101000101110101011
01010001110010000010100011110100
01110000101100000101100110100100
00010100110101111100000110011110
11011100010100101110001011110110
01000000000101100110000110101001
10001110111101000001101000101001
11101011010110011011110101111001
00010001110110111110001001110110
01100001110010100011010100100111
00101101111101110100101000001000
10010101011100000010101101001000
// 0x000001a0
00011100100101101111001001100001
01100101011100111011010010101100
01001100110010100011110011110110
01001101100101000110000011100101
11101011100110100100101101011010
00011000001110110011010101011111
00101101100001000100100111010101
01011111110101110011100101101101
01110011101010100100110011100110
10111100111001010100100101000010
11000011010011010110111000011100
11000111010001101101101011000010
01110101010101111111111010101010
10010011101011100001110001001010
10101100010011101101100110110101
11010000000001111001111011110001
// 0x000001b0
00011111110001001100010001111111
01101011011000001001001001000001
11101000011110100011011010100010
01010001011011011000000011001011
00011011101101111000011001001100
00101000100101000100101101101100
00110001111011001000111011011010
00000010011100001010001111100000
00001111011001101001101001000001
10010100100010011010110010110100
10111011010010101111101000011001
01110111000100001110000000111001
00100010110000001110011100011101
11100100010001001001010001110100
01110110000011111011100110001101
01111010101100100001111001011101
// 0x000001c0
01001011000000010000010000010001
10110111011011010011101011000100
01010101001000001110001010101001
11100111000000011111100010111010
10110100011000111110010000101101
11101011111111101001100010011011
11111011000100000000111101100110
10101000010100011001100101100100
01111110001111111001111100000001
10110010010111111011010000011111
11000000111010011110101010011001
10101001000100000111101101000001
01001101000000100101111000101100
00001110100111000111011001001000
11101110100100110110001111001000
01101100100001101101100101010000
// 0x000001d0
11110011011100011011110100110100
10011101000000001011001100110100
00001010111100100010011000110010
11111010101111011101100000110010
00000001101101110010101001101010
10010110001110110100000101111011
00111000000010111010101111010101
00000001010101110111101011001001
01101110111110101100000010110010
11001110111011100110011011100011
10000111100101011110100011010111
11110101111010000101100000001001
01101001111000110011100100000101
00010110111001001000011010100011
11110101010010111110101101100000
00001110100110000111111110101000
// 0x000001e0
10011100101111110110111110110101
01001100101001101110001010001000
01101010101101101001111011101111
01110011111111000101010100100000
01100101111000100110101100100011
10111001010101101101111111100000
00000111101110010111101111011110
11100111011100011010111110001001
10100000000101110001000011111000
11011100110101000100110000011000
01011010111011101110110001100110
00001100111001011111011001011000
00101000000010010000111011010110
11101111110111111101001001101111
10011111110011011010001101010100
00110100101001111011111001001101
// 0x000001f0
10100101110111011010001000110101
00000100011010100110111101010000
01101011010101001010101001010111
10000111111000100011001011000111
01001010110011011001001111000000
01011011001111100100001100001010
11110101000110110101110001010011
11100100011110011110111111111010
11101000111100101001001011010010
11011001110011010100111111000100
00100100000010111000111001001101
11001111011110111001101110011110
11011011011010011001000010110100
11010111101111011010110110111000
11001111011010110011000101010100
11010010110111110111011010001001
// 0x00000200
00000000000000000000000000000000
00000000000000000000000000000000
00000000000000000000000000000000
00000000000000000000000000000000
00000000000000000000000000000000
00000000000000000000000000000000
00000000000000000000000000000000
00000000000000000000000000000000
00000000000000000000000000000000
00000000000000000000000000000000
00000000000000000000000000000000
00000000000000000000000000000000
00000000000000000000000000000000
00000000000000000000000000000000
00000000000000000000000000000000
00000000000000000000000000000000
// 0x00000210
00000000000000000000000000000000
00000000000000000000000000000000
00000000000000000000000000000000
00000000000000000000000000000000
00000000000000000000000000000000
00000000000000000000000000000000
00000000000000000000000000000000
00000000000000000000000000000000
00000000000000000000000000000000
00000000000000000000000000000000
00000000000000000000000000000000
00000000000000000000000000000000
00000000000000000000000000000000
00000000000000000000000000000000
00000000000000000000000000000000
00000000000000000000000000000000
// 0x00000220
00000000000000000000000000000000
00000000000000000000000000000000
00000000000000000000000000000000
00000000000000000000000000000000
00000000000000000000000000000000
00000000000000000000000000000000
00000000000000000000000000000000
00000000000000000000000000000000
00000000000000000000000000000000
00000000000000000000000000000000
00000000000000000000000000000000
00000000000000000000000000000000
00000000000000000000000000000000
00000000000000000000000000000000
00000000000000000000000000000000
00000000000000000000000000000000
// 0x00000230
00000000000000000000000000000000
00000000000000000000000000000000
00000000000000000000000000000000
00000000000000000000000000000000
00000000000000000000000000000000
00000000000000000000000000000000
00000000000000000000000000000000
00000000000000000000000000000000
00000000000000000000000000000000
00000000000000000000000000000000
00000000000000000000000000000000
00000000000000000000000000000000
00000000000000000000000000000000
00000000000000000000000000000000
00000000000000000000000000000000
00000000000000000000000000000000
// 0x00000240
00000000000000000000000000000000
00000000000000000000000000000000
00000000000000000000000000000000
00000000000000000000000000000000
00000000000000000000000000000000
00000000000000000000000000000000
00000000000000000000000000000000
00000000000000000000000000000000
00000000000000000000000000000000
00000000000000000000000000000000
00000000000000000000000000000000
00000000000000000000000000000000
00000000000000000000000000000000
00000000000000000000000000000000
00000000000000000000000000000000
00000000000000000000000000000000
// 0x00000250
00000000000000000000000000000000
00000000000000000000000000000000
00000000000000000000000000000000
00000000000000000000000000000000
00000000000000000000000000000000
00000000000000000000000000000000
00000000000000000000000000000000
00000000000000000000000000000000
00000000000000000000000000000000
00000000000000000000000000000000
00000000000000000000000000000000
00000000000000000000000000000000
00000000000000000000000000000000
00000000000000000000000000000000
00000000000000000000000000000000
00000000000000000000000000000000
// 0x00000260
00000000000000000000000000000000
00000000000000000000000000000000
00000000000000000000000000000000
00000000000000000000000000000000
00000000000000000000000000000000
00000000000000000000000000000000
00000000000000000000000000000000
00000000000000000000000000000000
00000000000000000000000000000000
00000000000000000000000000000000
00000000000000000000000000000000
00000000000000000000000000000000
00000000000000000000000000000000
00000000000000000000000000000000
00000000000000000000000000000000
00000000000000000000000000000000
// 0x00000270
00000000000000000000000000000000
00000000000000000000000000000000
00000000000000000000000000000000
00000000000000000000000000000000
00000000000000000000000000000000
00000000000000000000000000000000
00000000000000000000000000000000
00000000000000000000000000000000
00000000000000000000000000000000
00000000000000000000000000000000
00000000000000000000000000000000
00000000000000000000000000000000
00000000000000000000000000000000
00000000000000000000000000000000
00000000000000000000000000000000
00000000000000000000000000000000
// 0x00000280
00000000000000000000000000000000
00000000000000000000000000000000
00000000000000000000000000000000
00000000000000000000000000000000
00000000000000000000000000000000
00000000000000000000000000000000
00000000000000000000000000000000
00000000000000000000000000000000
00000000000000000000000000000000
00000000000000000000000000000000
00000000000000000000000000000000
00000000000000000000000000000000
00000000000000000000000000000000
00000000000000000000000000000000
00000000000000000000000000000000
00000000000000000000000000000000
// 0x00000290
00000000000000000000000000000000
00000000000000000000000000000000
00000000000000000000000000000000
00000000000000000000000000000000
00000000000000000000000000000000
00000000000000000000000000000000
00000000000000000000000000000000
00000000000000000000000000000000
00000000000000000000000000000000
00000000000000000000000000000000
00000000000000000000000000000000
00000000000000000000000000000000
00000000000000000000000000000000
00000000000000000000000000000000
00000000000000000000000000000000
00000000000000000000000000000000
// 0x000002a0
00000000000000000000000000000000
00000000000000000000000000000000
00000000000000000000000000000000
00000000000000000000000000000000
00000000000000000000000000000000
00000000000000000000000000000000
00000000000000000000000000000000
00000000000000000000000000000000
00000000000000000000000000000000
00000000000000000000000000000000
00000000000000000000000000000000
00000000000000000000000000000000
00000000000000000000000000000000
00000000000000000000000000000000
00000000000000000000000000000000
00000000000000000000000000000000
// 0x000002b0
00000000000000000000000000000000
00000000000000000000000000000000
00000000000000000000000000000000
00000000000000000000000000000000
00000000000000000000000000000000
00000000000000000000000000000000
00000000000000000000000000000000
00000000000000000000000000000000
00000000000000000000000000000000
00000000000000000000000000000000
00000000000000000000000000000000
00000000000000000000000000000000
00000000000000000000000000000000
00000000000000000000000000000000
00000000000000000000000000000000
00000000000000000000000000000000
// 0x000002c0
00000000000000000000000000000000
00000000000000000000000000000000
00000000000000000000000000000000
00000000000000000000000000000000
00000000000000000000000000000000
00000000000000000000000000000000
00000000000000000000000000000000
00000000000000000000000000000000
00000000000000000000000000000000
00000000000000000000000000000000
00000000000000000000000000000000
00000000000000000000000000000000
00000000000000000000000000000000
00000000000000000000000000000000
00000000000000000000000000000000
00000000000000000000000000000000
// 0x000002d0
00000000000000000000000000000000
00000000000000000000000000000000
00000000000000000000000000000000
00000000000000000000000000000000
00000000000000000000000000000000
00000000000000000000000000000000
00000000000000000000000000000000
00000000000000000000000000000000
00000000000000000000000000000000
00000000000000000000000000000000
00000000000000000000000000000000
00000000000000000000000000000000
00000000000000000000000000000000
00000000000000000000000000000000
00000000000000000000000000000000
00000000000000000000000000000000
// 0x000002e0
00000000000000000000000000000000
00000000000000000000000000000000
00000000000000000000000000000000
00000000000000000000000000000000
00000000000000000000000000000000
00000000000000000000000000000000
00000000000000000000000000000000
00000000000000000000000000000000
00000000000000000000000000000000
00000000000000000000000000000000
00000000000000000000000000000000
00000000000000000000000000000000
00000000000000000000000000000000
00000000000000000000000000000000
00000000000000000000000000000000
00000000000000000000000000000000
// 0x000002f0
00000000000000000000000000000000
00000000000000000000000000000000
00000000000000000000000000000000
00000000000000000000000000000000
00000000000000000000000000000000
00000000000000000000000000000000
00000000000000000000000000000000
00000000000000000000000000000000
00000000000000000000000000000000
00000000000000000000000000000000
00000000000000000000000000000000
00000000000000000000000000000000
00000000000000000000000000000000
00000000000000000000000000000000
00000000000000000000000000000000
00000000000000000000000000000000
// 0x00000300
00000000000000000000000000000000
00000000000000000000000000000000
00000000000000000000000000000000
00000000000000000000000000000000
00000000000000000000000000000000
00000000000000000000000000000000
00000000000000000000000000000000
00000000000000000000000000000000
00000000000000000000000000000000
00000000000000000000000000000000
00000000000000000000000000000000
00000000000000000000000000000000
00000000000000000000000000000000
00000000000000000000000000000000
00000000000000000000000000000000
00000000000000000000000000000000
// 0x00000310
00000000000000000000000000000000
00000000000000000000000000000000
00000000000000000000000000000000
00000000000000000000000000000000
00000000000000000000000000000000
00000000000000000000000000000000
00000000000000000000000000000000
00000000000000000000000000000000
00000000000000000000000000000000
00000000000000000000000000000000
00000000000000000000000000000000
00000000000000000000000000000000
00000000000000000000000000000000
00000000000000000000000000000000
00000000000000000000000000000000
00000000000000000000000000000000
// 0x00000320
00000000000000000000000000000000
00000000000000000000000000000000
00000000000000000000000000000000
00000000000000000000000000000000
00000000000000000000000000000000
00000000000000000000000000000000
00000000000000000000000000000000
00000000000000000000000000000000
00000000000000000000000000000000
00000000000000000000000000000000
00000000000000000000000000000000
00000000000000000000000000000000
00000000000000000000000000000000
00000000000000000000000000000000
00000000000000000000000000000000
00000000000000000000000000000000
// 0x00000330
00000000000000000000000000000000
00000000000000000000000000000000
00000000000000000000000000000000
00000000000000000000000000000000
00000000000000000000000000000000
00000000000000000000000000000000
00000000000000000000000000000000
00000000000000000000000000000000
00000000000000000000000000000000
00000000000000000000000000000000
00000000000000000000000000000000
00000000000000000000000000000000
00000000000000000000000000000000
00000000000000000000000000000000
00000000000000000000000000000000
00000000000000000000000000000000
// 0x00000340
00000000000000000000000000000000
00000000000000000000000000000000
00000000000000000000000000000000
00000000000000000000000000000000
00000000000000000000000000000000
00000000000000000000000000000000
00000000000000000000000000000000
00000000000000000000000000000000
00000000000000000000000000000000
00000000000000000000000000000000
00000000000000000000000000000000
00000000000000000000000000000000
00000000000000000000000000000000
00000000000000000000000000000000
00000000000000000000000000000000
00000000000000000000000000000000
// 0x00000350
00000000000000000000000000000000
00000000000000000000000000000000
00000000000000000000000000000000
00000000000000000000000000000000
00000000000000000000000000000000
00000000000000000000000000000000
00000000000000000000000000000000
00000000000000000000000000000000
00000000000000000000000000000000
00000000000000000000000000000000
00000000000000000000000000000000
00000000000000000000000000000000
00000000000000000000000000000000
00000000000000000000000000000000
00000000000000000000000000000000
00000000000000000000000000000000
// 0x00000360
00000000000000000000000000000000
00000000000000000000000000000000
00000000000000000000000000000000
00000000000000000000000000000000
00000000000000000000000000000000
00000000000000000000000000000000
00000000000000000000000000000000
00000000000000000000000000000000
00000000000000000000000000000000
00000000000000000000000000000000
00000000000000000000000000000000
00000000000000000000000000000000
00000000000000000000000000000000
00000000000000000000000000000000
00000000000000000000000000000000
00000000000000000000000000000000
// 0x00000370
00000000000000000000000000000000
00000000000000000000000000000000
00000000000000000000000000000000
00000000000000000000000000000000
00000000000000000000000000000000
00000000000000000000000000000000
00000000000000000000000000000000
00000000000000000000000000000000
00000000000000000000000000000000
00000000000000000000000000000000
00000000000000000000000000000000
00000000000000000000000000000000
00000000000000000000000000000000
00000000000000000000000000000000
00000000000000000000000000000000
00000000000000000000000000000000
// 0x00000380
00000000000000000000000000000000
00000000000000000000000000000000
00000000000000000000000000000000
00000000000000000000000000000000
00000000000000000000000000000000
00000000000000000000000000000000
00000000000000000000000000000000
00000000000000000000000000000000
00000000000000000000000000000000
00000000000000000000000000000000
00000000000000000000000000000000
00000000000000000000000000000000
00000000000000000000000000000000
00000000000000000000000000000000
00000000000000000000000000000000
00000000000000000000000000000000
// 0x00000390
00000000000000000000000000000000
00000000000000000000000000000000
00000000000000000000000000000000
00000000000000000000000000000000
00000000000000000000000000000000
00000000000000000000000000000000
00000000000000000000000000000000
00000000000000000000000000000000
00000000000000000000000000000000
00000000000000000000000000000000
00000000000000000000000000000000
00000000000000000000000000000000
00000000000000000000000000000000
00000000000000000000000000000000
00000000000000000000000000000000
00000000000000000000000000000000
// 0x000003a0
00000000000000000000000000000000
00000000000000000000000000000000
00000000000000000000000000000000
00000000000000000000000000000000
00000000000000000000000000000000
00000000000000000000000000000000
00000000000000000000000000000000
00000000000000000000000000000000
00000000000000000000000000000000
00000000000000000000000000000000
00000000000000000000000000000000
00000000000000000000000000000000
00000000000000000000000000000000
00000000000000000000000000000000
00000000000000000000000000000000
00000000000000000000000000000000
// 0x000003b0
00000000000000000000000000000000
00000000000000000000000000000000
00000000000000000000000000000000
00000000000000000000000000000000
00000000000000000000000000000000
00000000000000000000000000000000
00000000000000000000000000000000
00000000000000000000000000000000
00000000000000000000000000000000
00000000000000000000000000000000
00000000000000000000000000000000
00000000000000000000000000000000
00000000000000000000000000000000
00000000000000000000000000000000
00000000000000000000000000000000
00000000000000000000000000000000
// 0x000003c0
00000000000000000000000000000000
00000000000000000000000000000000
00000000000000000000000000000000
00000000000000000000000000000000
00000000000000000000000000000000
00000000000000000000000000000000
00000000000000000000000000000000
00000000000000000000000000000000
00000000000000000000000000000000
00000000000000000000000000000000
00000000000000000000000000000000
00000000000000000000000000000000
00000000000000000000000000000000
00000000000000000000000000000000
00000000000000000000000000000000
00000000000000000000000000000000
// 0x000003d0
00000000000000000000000000000000
00000000000000000000000000000000
00000000000000000000000000000000
00000000000000000000000000000000
00000000000000000000000000000000
00000000000000000000000000000000
00000000000000000000000000000000
00000000000000000000000000000000
00000000000000000000000000000000
00000000000000000000000000000000
00000000000000000000000000000000
00000000000000000000000000000000
00000000000000000000000000000000
00000000000000000000000000000000
00000000000000000000000000000000
00000000000000000000000000000000
// 0x000003e0
00000000000000000000000000000000
00000000000000000000000000000000
00000000000000000000000000000000
00000000000000000000000000000000
00000000000000000000000000000000
00000000000000000000000000000000
00000000000000000000000000000000
00000000000000000000000000000000
00000000000000000000000000000000
00000000000000000000000000000000
00000000000000000000000000000000
00000000000000000000000000000000
00000000000000000000000000000000
00000000000000000000000000000000
00000000000000000000000000000000
00000000000000000000000000000000
// 0x000003f0
00000000000000000000000000000000
00000000000000000000000000000000
00000000000000000000000000000000
00000000000000000000000000000000
00000000000000000000000000000000
00000000000000000000000000000000
00000000000000000000000000000000
00000000000000000000000000000000
00000000000000000000000000000000
00000000000000000000000000000000
00000000000000000000000000000000
00000000000000000000000000000000
00000000000000000000000000000000
00000000000000000000000000000000
00000000000000000000000000000000
00000000000000000000000000000000
